16916
62493
30198
53683
40185
28781
24462
48399
64815
18295
12218
22760
57982
27966
54894
38929
32865
64243
2315
64454
55041
18633
14557
61006
62615
7591
64747
6727
32315
60645
6308
45688
969
40891
49294
41118
21395
6091
32541
17665
3784
28718
59240
40178
60086
42252
44770
22514
3067
15757
31649
10842
43765
33405
44954
56657
5003
50227
19358
36529
10392
58882
5129
58554
58584
27444
58982
51476
6796
21311
30705
28964
41003
20259
57857
63258
36374
692
43121
48128
34561
49213
36922
59162
50552
17866
18145
3884
54388
42932
46919
58892
8620
38336
64357
23387
42632
15913
15679
22501
37540
5527
63921
62716
32874
64390
63101
61802
19648
29031
44981
28092
9448
44744
61496
31453
60746
12199
62255
21793
26544
14964
41462
56089
52038
47982
59484
50924
6942
34998
27069
51926
60645
43181
10559
4664
28578
59516
38912
63562
64846
62938
27194
28804
61703
10998
6596
37721
43430
22692
62971
47125
52521
34646
32889
13055
65416
62869
57314
12659
14052
32956
49273
50352
49737
15555
47475
15328
34621
51365
32820
48855
12224
2035
60539
14595
13853
24143
15216
8113
22640
32978
39151
19520
58141
63959
53040
55842
585
51229
64181
54879
28210
10268
15395
12884
2149
53483
59606
14981
36672
23197
36518
13361
19810
25955
62678
26021
